5.608357787132263184e-01 6.138787865638732910e-01
5.552299618721008301e-01 6.089669466018676758e-01
5.496802330017089844e-01 6.041063666343688965e-01
5.441861152648925781e-01 5.992963910102844238e-01
5.387470126152038574e-01 5.945363044738769531e-01
5.333623290061950684e-01 5.898255705833435059e-01
5.280314683914184570e-01 5.851634144783020020e-01
5.227538943290710449e-01 5.805492401123046875e-01
5.175290107727050781e-01 5.759823918342590332e-01
5.123563408851623535e-01 5.714622735977172852e-01
5.072353482246398926e-01 5.669882297515869141e-01
5.021653771400451660e-01 5.625596642494201660e-01
4.971460103988647461e-01 5.581759214401245117e-01
4.921766519546508789e-01 5.538364648818969727e-01
4.872567951679229736e-01 5.495405793190002441e-01
4.823859632015228271e-01 5.452877879142761230e-01
4.775635898113250732e-01 5.410774946212768555e-01
4.727891981601715088e-01 5.369090437889099121e-01
4.680622816085815430e-01 5.327819585800170898e-01
4.633823335170745850e-01 5.286955833435058594e-01
4.587489068508148193e-01 5.246494412422180176e-01
4.541615247726440430e-01 5.206429958343505859e-01
4.496196806430816650e-01 5.166755914688110352e-01
4.451228976249694824e-01 5.127468109130859375e-01
4.406707584857940674e-01 5.088561177253723145e-01
4.362627863883972168e-01 5.050029158592224121e-01
4.318985342979431152e-01 5.011867880821228027e-01
4.275775551795959473e-01 4.974071681499481201e-01
4.232994019985198975e-01 4.936635792255401611e-01
4.190636873245239258e-01 4.899555444717407227e-01
4.148699343204498291e-01 4.862825572490692139e-01
4.107177257537841797e-01 4.826441705226898193e-01
4.066066741943359375e-01 4.790398776531219482e-01
4.025363624095916748e-01 4.754692614078521729e-01
3.985063433647155762e-01 4.719318449497222900e-01
3.945162892341613770e-01 4.684271812438964844e-01
3.905657529830932617e-01 4.649548232555389404e-01
3.866543471813201904e-01 4.615143835544586182e-01
3.827816843986511230e-01 4.581053555011749268e-01
3.789474070072174072e-01 4.547273814678192139e-01
3.751510977745056152e-01 4.513800442218780518e-01
3.713924288749694824e-01 4.480629265308380127e-01
3.676710128784179688e-01 4.447756111621856689e-01
3.639864921569824219e-01 4.415177106857299805e-01
3.603384792804718018e-01 4.382888376712799072e-01
3.567266464233398438e-01 4.350886344909667969e-01
3.531506061553955078e-01 4.319167137145996094e-01
3.496100604534149170e-01 4.287726879119873047e-01
3.461046218872070312e-01 4.256561994552612305e-01
3.426339924335479736e-01 4.225668907165527344e-01
3.398343622684478760e-01 4.201409816741943359e-01
3.379702270030975342e-01 4.186429679393768311e-01
3.361043930053710938e-01 4.171355962753295898e-01
3.342371284961700439e-01 4.156191647052764893e-01
3.323687613010406494e-01 4.140939712524414062e-01
3.304995596408843994e-01 4.125603139400482178e-01
3.286298513412475586e-01 4.110184609889984131e-01
3.267598748207092285e-01 4.094687104225158691e-01
3.248899579048156738e-01 4.079113602638244629e-01
3.230203092098236084e-01 4.063466489315032959e-01
3.211512565612792969e-01 4.047748744487762451e-01
3.192830681800842285e-01 4.031963348388671875e-01
3.174159526824951172e-01 4.016112685203552246e-01
3.155502080917358398e-01 4.000199437141418457e-01
3.136860728263854980e-01 3.984226286411285400e-01
3.118238151073455811e-01 3.968196213245391846e-01
3.099636137485504150e-01 3.952111601829528809e-01
3.081057667732238770e-01 3.935974538326263428e-01
3.062505125999450684e-01 3.919788300991058350e-01
3.043980002403259277e-01 3.903554975986480713e-01
3.025485277175903320e-01 3.887277245521545410e-01
3.007023036479949951e-01 3.870957493782043457e-01
2.988595068454742432e-01 3.855580687522888184e-01
2.970203459262847900e-01 3.840252757072448730e-01
2.951850593090057373e-01 3.824914991855621338e-01
2.933538258075714111e-01 3.809570074081420898e-01
2.915268242359161377e-01 3.794219493865966797e-01
2.897042632102966309e-01 3.778865635395050049e-01
2.878862917423248291e-01 3.763510584831237793e-01
2.860731482505798340e-01 3.748155832290649414e-01
2.842649817466735840e-01 3.732803761959075928e-01
2.824619412422180176e-01 3.717456161975860596e-01
2.806642055511474609e-01 3.702114522457122803e-01
2.788719236850738525e-01 3.686780929565429688e-01
2.770852744579315186e-01 3.671457171440124512e-01
2.753044068813323975e-01 3.656145036220550537e-01
2.735294699668884277e-01 3.640845715999603271e-01
2.717606127262115479e-01 3.625561594963073730e-01
2.699979245662689209e-01 3.610293567180633545e-01
2.682416141033172607e-01 3.595043420791625977e-01
2.664917707443237305e-01 3.579812943935394287e-01
2.647485136985778809e-01 3.564603328704833984e-01
2.631880640983581543e-01 3.549416065216064453e-01
2.617442011833190918e-01 3.534252643585205078e-01
2.603065371513366699e-01 3.519114553928375244e-01
2.588751018047332764e-01 3.504002988338470459e-01
2.574499249458312988e-01 3.488919138908386230e-01
2.560310661792755127e-01 3.474031388759613037e-01
2.546185851097106934e-01 3.459271490573883057e-01
2.532125115394592285e-01 3.444524407386779785e-01
2.518129050731658936e-01 3.429791033267974854e-01
2.504197359085083008e-01 3.415071964263916016e-01
2.490331083536148071e-01 3.400368392467498779e-01
2.476530224084854126e-01 3.385681211948394775e-01
2.462795227766036987e-01 3.371010720729827881e-01
2.449126094579696655e-01 3.356358408927917480e-01
2.435523271560668945e-01 3.341724276542663574e-01
2.421986907720565796e-01 3.327109813690185547e-01
2.408517301082611084e-01 3.312515616416931152e-01
2.395114600658416748e-01 3.297941982746124268e-01
2.381778955459594727e-01 3.283390104770660400e-01
2.368510663509368896e-01 3.268860578536987305e-01
2.355309575796127319e-01 3.254354000091552734e-01
2.342176139354705811e-01 3.239870965480804443e-01
2.329110205173492432e-01 3.225412070751190186e-01
2.316111922264099121e-01 3.210978209972381592e-01
2.303181588649749756e-01 3.196569979190826416e-01
2.290318906307220459e-01 3.182187974452972412e-01
2.277524322271347046e-01 3.167832493782043457e-01
2.264797389507293701e-01 3.153504729270935059e-01
2.252138555049896240e-01 3.139204382896423340e-01
2.239547669887542725e-01 3.124932646751403809e-01
2.227024585008621216e-01 3.110689818859100342e-01
2.214569449424743652e-01 3.096476793289184570e-01
2.202182114124298096e-01 3.082293272018432617e-01
2.189862728118896484e-01 3.068330287933349609e-01
2.177610993385314941e-01 3.054534494876861572e-01
2.165427058935165405e-01 3.040791749954223633e-01
2.153310626745223999e-01 3.027102947235107422e-01
2.141261845827102661e-01 3.013468384742736816e-01
2.129280418157577515e-01 2.999888360500335693e-01
2.117366343736648560e-01 2.986363470554351807e-01
2.105519473552703857e-01 2.972893416881561279e-01
2.093739658594131470e-01 2.959479093551635742e-01
2.082026749849319458e-01 2.946120798587799072e-01
2.070380598306655884e-01 2.932818531990051270e-01
2.058801203966140747e-01 2.919572591781616211e-01
2.047288268804550171e-01 2.906383275985717773e-01
2.035841643810272217e-01 2.893250882625579834e-01
2.024461179971694946e-01 2.880175411701202393e-01
2.013146579265594482e-01 2.867157161235809326e-01
2.001897841691970825e-01 2.854196429252624512e-01
1.990714669227600098e-01 2.841293513774871826e-01
1.979596912860870361e-01 2.828448116779327393e-01
1.968544274568557739e-01 2.815660536289215088e-01
1.957556605339050293e-01 2.802930772304534912e-01
1.946633756160736084e-01 2.790259122848510742e-01
1.935775429010391235e-01 2.777645587921142578e-01
1.924981325864791870e-01 2.765090465545654297e-01
1.914251297712326050e-01 2.752593457698822021e-01
1.903585046529769897e-01 2.740154862403869629e-01
1.892982423305511475e-01 2.727774381637573242e-01
1.882443130016326904e-01 2.715452313423156738e-01
1.871967017650604248e-01 2.703188657760620117e-01
1.861553639173507690e-01 2.690983116626739502e-01
1.851202845573425293e-01 2.678835988044738770e-01
1.840914338827133179e-01 2.666747272014617920e-01
1.830687969923019409e-01 2.654716670513153076e-01
1.820523291826248169e-01 2.642744183540344238e-01
1.810420155525207520e-01 2.630829811096191406e-01
1.800378262996673584e-01 2.618973553180694580e-01
1.790397465229034424e-01 2.607175409793853760e-01
1.780477166175842285e-01 2.595434784889221191e-01
1.770617365837097168e-01 2.583752274513244629e-01
1.760817766189575195e-01 2.572126984596252441e-01
1.751077920198440552e-01 2.560559511184692383e-01
1.741397529840469360e-01 2.549049258232116699e-01
1.731776595115661621e-01 2.537596225738525391e-01
1.722214519977569580e-01 2.526200413703918457e-01
1.712711155414581299e-01 2.514861524105072021e-01
1.703266203403472900e-01 2.503579258918762207e-01
1.693879365921020508e-01 2.492353767156600952e-01
1.684550195932388306e-01 2.481184452772140503e-01
1.675278693437576294e-01 2.470071613788604736e-01
1.666064262390136719e-01 2.459014654159545898e-01
1.656906902790069580e-01 2.448013573884963989e-01
1.647806018590927124e-01 2.437068074941635132e-01
1.638761460781097412e-01 2.426178008317947388e-01
1.629772931337356567e-01 2.415343075990676880e-01
1.620839983224868774e-01 2.404563128948211670e-01
1.611962616443634033e-01 2.393838018178939819e-01
1.603140234947204590e-01 2.383167296648025513e-01
1.594372689723968506e-01 2.372550815343856812e-01
1.585659682750701904e-01 2.361988425254821777e-01
1.577000766992568970e-01 2.351479828357696533e-01
1.568395793437957764e-01 2.341024577617645264e-01
1.559844464063644409e-01 2.330622673034667969e-01
1.551346331834793091e-01 2.320273667573928833e-01
1.542901098728179932e-01 2.309977412223815918e-01
1.534508615732192993e-01 2.299733608961105347e-01
1.526168435811996460e-01 2.289541959762573242e-01
1.517880409955978394e-01 2.279402166604995728e-01
1.509644091129302979e-01 2.269313931465148926e-01
1.501459181308746338e-01 2.259277105331420898e-01
1.493325531482696533e-01 2.249291092157363892e-01
1.485242694616317749e-01 2.239355891942977905e-01
1.477210372686386108e-01 2.229471206665039062e-01
1.469228267669677734e-01 2.219636589288711548e-01
1.461296230554580688e-01 2.209851741790771484e-01
1.453413665294647217e-01 2.200116366147994995e-01
1.445580571889877319e-01 2.190430313348770142e-01
1.437796503305435181e-01 2.180793136358261108e-01
1.430061161518096924e-01 2.171204537153244019e-01
1.422374397516250610e-01 2.161664068698883057e-01
1.414735615253448486e-01 2.152171730995178223e-01
1.407144814729690552e-01 2.142726927995681763e-01
1.399601548910140991e-01 2.133329510688781738e-01
1.392105519771575928e-01 2.123979181051254272e-01
1.384656429290771484e-01 2.114675343036651611e-01
1.377254128456115723e-01 2.105417996644973755e-01
1.369898170232772827e-01 2.096206694841384888e-01
1.362588405609130859e-01 2.087041139602661133e-01
1.355324387550354004e-01 2.077920883893966675e-01
1.348105818033218384e-01 2.068845629692077637e-01
1.340932548046112061e-01 2.059815227985382080e-01
1.333804279565811157e-01 2.050829231739044189e-01
1.326720714569091797e-01 2.041887342929840088e-01
1.319681555032730103e-01 2.032989114522933960e-01
1.312189400196075439e-01 2.024134397506713867e-01
1.303569674491882324e-01 2.015322744846343994e-01
1.295001953840255737e-01 2.006553858518600464e-01
1.286485791206359863e-01 1.997827440500259399e-01
1.278021037578582764e-01 1.989143192768096924e-01
1.269607543945312500e-01 1.980500668287277222e-01
1.261244863271713257e-01 1.971899718046188354e-01
1.252932846546173096e-01 1.963339745998382568e-01
1.244671195745468140e-01 1.954820603132247925e-01
1.236459687352180481e-01 1.946341991424560547e-01
1.228298023343086243e-01 1.937903612852096558e-01
1.220186054706573486e-01 1.929504871368408203e-01
1.212123483419418335e-01 1.921145766973495483e-01
1.204109936952590942e-01 1.912825852632522583e-01
1.196145340800285339e-01 1.904544830322265625e-01
1.188229322433471680e-01 1.896302253007888794e-01
1.180361658334732056e-01 1.888097971677780151e-01
1.172542124986648560e-01 1.879931539297103882e-01
1.164770424365997314e-01 1.871802657842636108e-01
1.157046258449554443e-01 1.863711178302764893e-01
1.149369478225708008e-01 1.855656504631042480e-01
1.141739785671234131e-01 1.847638487815856934e-01
1.134156882762908936e-01 1.839656829833984375e-01
1.126620545983314514e-01 1.831711232662200928e-01
1.119130551815032959e-01 1.823801249265670776e-01
1.111686602234840393e-01 1.815926730632781982e-01
1.104288473725318909e-01 1.808087229728698730e-01
1.096935942769050598e-01 1.800282448530197144e-01
1.089628636837005615e-01 1.792512238025665283e-01
1.082366406917572021e-01 1.784776151180267334e-01
1.075148954987525940e-01 1.777073889970779419e-01
1.067976057529449463e-01 1.769405156373977661e-01
1.060847491025924683e-01 1.761769801378250122e-01
1.053762882947921753e-01 1.754167377948760986e-01
1.046722084283828735e-01 1.746597588062286377e-01
1.039724871516227722e-01 1.739060282707214355e-01
1.032770946621894836e-01 1.731555014848709106e-01
1.025860011577606201e-01 1.724081486463546753e-01
1.018991842865943909e-01 1.716639548540115356e-01
1.012166291475296021e-01 1.709228903055191040e-01
1.005382984876632690e-01 1.701849102973937988e-01
9.986417740583419800e-02 1.694499999284744263e-01
9.919422864913940430e-02 1.687181293964385986e-01
9.852843731641769409e-02 1.679892688989639282e-01
9.786678105592727661e-02 1.672634035348892212e-01
9.720923006534576416e-02 1.665404886007308960e-01
9.655576199293136597e-02 1.658204942941665649e-01
9.590634703636169434e-02 1.651034206151962280e-01
9.526097029447555542e-02 1.643892079591751099e-01
9.461960196495056152e-02 1.636778563261032104e-01
9.398221969604492188e-02 1.629693210124969482e-01
9.334879368543624878e-02 1.622635871171951294e-01
9.271930903196334839e-02 1.615606397390365601e-01
9.209373593330383301e-02 1.608604192733764648e-01
9.147205948829650879e-02 1.601629257202148438e-01
9.085424244403839111e-02 1.594681441783905029e-01
9.024026989936828613e-02 1.587760150432586670e-01
8.963011205196380615e-02 1.580865532159805298e-01
8.902375400066375732e-02 1.573996990919113159e-01
8.842117339372634888e-02 1.567154526710510254e-01
8.782233297824859619e-02 1.560337841510772705e-01
8.722722530364990234e-02 1.553546786308288574e-01
8.663582056760787964e-02 1.546780914068222046e-01
8.604809641838073730e-02 1.540040075778961182e-01
8.546402305364608765e-02 1.533324122428894043e-01
8.488359302282333374e-02 1.526632755994796753e-01
8.430676907300949097e-02 1.519965678453445435e-01
8.373353630304336548e-02 1.513322889804840088e-01
8.316386491060256958e-02 1.506704092025756836e-01
8.259774744510650635e-02 1.500108987092971802e-01
8.203514665365219116e-02 1.493537276983261108e-01
8.147604763507843018e-02 1.486988961696624756e-01
8.092042803764343262e-02 1.480463743209838867e-01
8.036826550960540771e-02 1.473961472511291504e-01
7.981953769922256470e-02 1.467481851577758789e-01
7.927421480417251587e-02 1.461024731397628784e-01
7.873228937387466431e-02 1.454589962959289551e-01
7.819373160600662231e-02 1.448177099227905273e-01
7.765852659940719604e-02 1.441786289215087891e-01
7.712664455175399780e-02 1.435417085886001587e-01
7.659807056188583374e-02 1.429069489240646362e-01
7.607278227806091309e-02 1.422743201255798340e-01
7.555074989795684814e-02 1.416437923908233643e-01
7.503196597099304199e-02 1.410153806209564209e-01
7.451640069484710693e-02 1.403890252113342285e-01
7.400403916835784912e-02 1.397647410631179810e-01
7.349485903978347778e-02 1.391425132751464844e-01
7.298883795738220215e-02 1.385222971439361572e-01
7.248596101999282837e-02 1.379040777683258057e-01
7.198619842529296875e-02 1.372878700494766235e-01
7.148954272270202637e-02 1.366736292839050293e-01
7.099595665931701660e-02 1.360613405704498291e-01
7.050544023513793945e-02 1.354509890079498291e-01
7.001795619726181030e-02 1.348425745964050293e-01
6.953349709510803223e-02 1.342360675334930420e-01
6.905203312635421753e-02 1.336314678192138672e-01
6.857355684041976929e-02 1.330287307500839233e-01
6.809803843498229980e-02 1.324278563261032104e-01
6.762546300888061523e-02 1.318288445472717285e-01
6.715581566095352173e-02 1.312316656112670898e-01
6.668907403945922852e-02 1.306362897157669067e-01
6.622520834207534790e-02 1.300427317619323730e-01
6.576421856880187988e-02 1.294509768486022949e-01
6.530607491731643677e-02 1.288609802722930908e-01
6.485076248645782471e-02 1.282727569341659546e-01
6.439825892448425293e-02 1.276862919330596924e-01
6.394854933023452759e-02 1.271015554666519165e-01
6.350161880254745483e-02 1.265185475349426270e-01
6.305743753910064697e-02 1.259372532367706299e-01
6.261599808931350708e-02 1.253576725721359253e-01
6.217728182673454285e-02 1.247797608375549316e-01
6.174127012491226196e-02 1.242035329341888428e-01
6.130794063210487366e-02 1.236289590597152710e-01
6.087727844715118408e-02 1.230560466647148132e-01
6.044926866888999939e-02 1.224847733974456787e-01
6.002389267086982727e-02 1.219151243567466736e-01
5.960113182663917542e-02 1.213470995426177979e-01
5.918096750974655151e-02 1.207806766033172607e-01
5.876338854432106018e-02 1.202158480882644653e-01
5.834837257862091064e-02 1.196526139974594116e-01
5.793590843677520752e-02 1.190909445285797119e-01
5.752597004175186157e-02 1.185308471322059631e-01
5.711854994297027588e-02 1.179722994565963745e-01
5.671362951397895813e-02 1.174153015017509460e-01
5.631119012832641602e-02 1.168598309159278870e-01
5.591121688485145569e-02 1.163058951497077942e-01
5.551369115710258484e-02 1.157534718513488770e-01
5.511860176920890808e-02 1.152025535702705383e-01
5.472593009471893311e-02 1.146531328558921814e-01
5.433565750718116760e-02 1.141052022576332092e-01
5.394777283072471619e-02 1.135587543249130249e-01
5.356226116418838501e-02 1.130137816071510315e-01
5.317910388112068176e-02 1.124702617526054382e-01
5.279828235507011414e-02 1.119282022118568420e-01
5.241978913545608521e-02 1.113875955343246460e-01
5.204360559582710266e-02 1.108484268188476562e-01
5.166971310973167419e-02 1.103106811642646790e-01
5.129810050129890442e-02 1.097743660211563110e-01
5.092875286936759949e-02 1.092394664883613586e-01
5.056165531277656555e-02 1.087059825658798218e-01
5.019679293036460876e-02 1.081738919019699097e-01
4.983414709568023682e-02 1.076432019472122192e-01
4.947371035814285278e-02 1.071138978004455566e-01
4.911546409130096436e-02 1.065859794616699219e-01
4.875939339399337769e-02 1.060594320297241211e-01
4.840548709034919739e-02 1.055342555046081543e-01
4.805373027920722961e-02 1.050104349851608276e-01
4.770410433411598206e-02 1.044879779219627380e-01
4.735660180449485779e-02 1.039668694138526917e-01
4.701120406389236450e-02 1.034471094608306885e-01
4.666790366172790527e-02 1.029286831617355347e-01
4.632667824625968933e-02 1.024115905165672302e-01
4.598752036690711975e-02 1.018958240747451782e-01
4.565041512250900269e-02 1.013813838362693787e-01
4.531535133719444275e-02 1.008682548999786377e-01
4.498231038451194763e-02 1.003564447164535522e-01
4.465128481388092041e-02 9.984593838453292847e-02
4.432225599884986877e-02 9.933672845363616943e-02
4.399521648883819580e-02 9.882882237434387207e-02
4.367014765739440918e-02 9.832220524549484253e-02
4.334704205393791199e-02 9.781687706708908081e-02
4.302588477730751038e-02 9.731283783912658691e-02
4.270666465163230896e-02 9.681006520986557007e-02
4.238936677575111389e-02 9.630857408046722412e-02
4.207397624850273132e-02 9.580835700035095215e-02
4.176048934459686279e-02 9.530939906835556030e-02
4.144888371229171753e-02 9.481170773506164551e-02
4.113915562629699707e-02 9.431527554988861084e-02
4.083128646016120911e-02 9.382010251283645630e-02
4.052526876330375671e-02 9.332617372274398804e-02
4.022109135985374451e-02 9.283348917961120605e-02
3.991873562335968018e-02 9.234205633401870728e-02
3.961819782853126526e-02 9.185186028480529785e-02
3.931945934891700745e-02 9.136290848255157471e-02
3.902251645922660828e-02 9.087518602609634399e-02
3.872735053300857544e-02 9.038869291543960571e-02
3.843395039439201355e-02 8.990342915058135986e-02
3.814230859279632568e-02 8.941939473152160645e-02
3.785241395235061646e-02 8.893657475709915161e-02
3.756425157189369202e-02 8.845498412847518921e-02
3.727781400084495544e-02 8.797460049390792847e-02
3.699308633804321289e-02 8.749543875455856323e-02
3.671006485819816589e-02 8.701748400926589966e-02
3.642872720956802368e-02 8.654073625802993774e-02
3.624107316136360168e-02 8.606520295143127441e-02
3.606354445219039917e-02 8.559086918830871582e-02
3.588698431849479675e-02 8.511773496866226196e-02
3.571138530969619751e-02 8.464580774307250977e-02
3.553674370050430298e-02 8.417507261037826538e-02
3.536304458975791931e-02 8.370553702116012573e-02
3.519028797745704651e-02 8.323719352483749390e-02
3.501846268773078918e-02 8.277004212141036987e-02
3.484756499528884888e-02 8.230407536029815674e-02
3.467757999897003174e-02 8.183930069208145142e-02
3.450851142406463623e-02 8.137571066617965698e-02
3.434034436941146851e-02 8.091331273317337036e-02
3.417307883501052856e-02 8.045208454132080078e-02
3.400669991970062256e-02 7.999204844236373901e-02
3.384120762348175049e-02 7.953318953514099121e-02
3.367659077048301697e-02 7.907550781965255737e-02
3.351284563541412354e-02 7.861899584531784058e-02
3.334996849298477173e-02 7.816366851329803467e-02
3.318794444203376770e-02 7.770951092243194580e-02
3.302677720785140991e-02 7.725652307271957397e-02
3.286645188927650452e-02 7.680471241474151611e-02
3.270696848630905151e-02 7.635407149791717529e-02
3.254831954836845398e-02 7.590459287166595459e-02
3.239049389958381653e-02 7.545629143714904785e-02
3.223349526524543762e-02 7.500915229320526123e-02
3.207730874419212341e-02 7.456317543983459473e-02
3.192193433642387390e-02 7.411836832761764526e-02
3.176736086606979370e-02 7.367471605539321899e-02
3.161358833312988281e-02 7.323223352432250977e-02
3.146060556173324585e-02 7.279091328382492065e-02
3.130841255187988281e-02 7.235074788331985474e-02
3.115700185298919678e-02 7.191175222396850586e-02
3.100636601448059082e-02 7.147390395402908325e-02
3.085650131106376648e-02 7.103722542524337769e-02
3.070740215480327606e-02 7.060169428586959839e-02
3.055906295776367188e-02 7.016732543706893921e-02
3.041147999465465546e-02 6.973411142826080322e-02
3.026464581489562988e-02 6.930205971002578735e-02
3.011855483055114746e-02 6.887115538120269775e-02
2.997320517897605896e-02 6.844140589237213135e-02
2.982858940958976746e-02 6.801281124353408813e-02
2.968470379710197449e-02 6.758536398410797119e-02
2.954154275357723236e-02 6.715907901525497437e-02
2.939910255372524261e-02 6.673394143581390381e-02
2.925737574696540833e-02 6.630995124578475952e-02
2.911636047065258026e-02 6.588711589574813843e-02
2.897604927420616150e-02 6.546543538570404053e-02
2.883644029498100281e-02 6.504489481449127197e-02
2.869752794504165649e-02 6.462551653385162354e-02
2.855930663645267487e-02 6.420727819204330444e-02
2.842177450656890869e-02 6.379018723964691162e-02
2.828492410480976105e-02 6.337425112724304199e-02
2.814875170588493347e-02 6.295946240425109863e-02
2.801325358450412750e-02 6.254582107067108154e-02
2.787842415273189545e-02 6.213332340121269226e-02
2.774426154792308807e-02 6.172197684645652771e-02
2.761076018214225769e-02 6.131177395582199097e-02
2.747791633009910583e-02 6.090271845459938049e-02
2.734572440385818481e-02 6.049481034278869629e-02
2.721418254077434540e-02 6.008804589509963989e-02
2.708328329026699066e-02 5.968242883682250977e-02
2.696315944194793701e-02 5.928808823227882385e-02
2.686695195734500885e-02 5.891817435622215271e-02
2.677107229828834534e-02 5.854910239577293396e-02
2.667551860213279724e-02 5.818086862564086914e-02
2.658028900623321533e-02 5.781348049640655518e-02
2.648538351058959961e-02 5.744693800806999207e-02
2.639394998550415039e-02 5.708439275622367859e-02
2.634317614138126373e-02 5.676303803920745850e-02
2.629251219332218170e-02 5.644232779741287231e-02
2.624196000397205353e-02 5.612226575613021851e-02
2.619151957333087921e-02 5.580285564064979553e-02
2.614119276404380798e-02 5.548410117626190186e-02
2.609097771346569061e-02 5.516600981354713440e-02
2.604087628424167633e-02 5.484857782721519470e-02
2.599088847637176514e-02 5.453181639313697815e-02
2.594101428985595703e-02 5.421572551131248474e-02
2.589125558733940125e-02 5.390030890703201294e-02
2.584161236882209778e-02 5.358557030558586121e-02
2.579208463430404663e-02 5.327151343226432800e-02
2.574267052114009857e-02 5.295814201235771179e-02
2.569337375462055206e-02 5.264545977115631104e-02
2.564419433474540710e-02 5.233346670866012573e-02
2.559513226151466370e-02 5.202217400074005127e-02
2.554618567228317261e-02 5.171157792210578918e-02
2.549735829234123230e-02 5.140168592333793640e-02
2.544864639639854431e-02 5.109249800443649292e-02
2.540005557239055634e-02 5.078401789069175720e-02
2.535158209502696991e-02 5.047625303268432617e-02
2.530322782695293427e-02 5.016919970512390137e-02
2.525499276816844940e-02 4.986286535859107971e-02
2.520687691867351532e-02 4.955725371837615967e-02
2.515888214111328125e-02 4.925236478447914124e-02
2.511100657284259796e-02 4.894820600748062134e-02
2.506325021386146545e-02 4.864477366209030151e-02
2.501561678946018219e-02 4.834207519888877869e-02
2.496810257434844971e-02 4.804011434316635132e-02
2.492071129381656647e-02 4.773889109492301941e-02
2.487344108521938324e-02 4.743840917944908142e-02
2.482629194855690002e-02 4.713867232203483582e-02
2.477926388382911682e-02 4.683968052268028259e-02
2.473236061632633209e-02 4.654144123196601868e-02
2.468557842075824738e-02 4.624395072460174561e-02
2.463891915977001190e-02 4.594722017645835876e-02
2.459238097071647644e-02 4.565124213695526123e-02
2.454596757888793945e-02 4.535602405667304993e-02
2.449967712163925171e-02 4.506156966090202332e-02
2.445351146161556244e-02 4.476787894964218140e-02
2.440746873617172241e-02 4.447495564818382263e-02
2.436154894530773163e-02 4.418279975652694702e-02
2.424217946827411652e-02 4.389141872525215149e-02
2.406584471464157104e-02 4.360080882906913757e-02
2.389021031558513641e-02 4.331097751855850220e-02
2.371527440845966339e-02 4.302192106842994690e-02
2.354103326797485352e-02 4.273364692926406860e-02
2.336748689413070679e-02 4.244615510106086731e-02
2.319463156163692474e-02 4.215944558382034302e-02
2.302246727049350739e-02 4.187352582812309265e-02
2.285099029541015625e-02 4.158839210867881775e-02
2.268020249903202057e-02 4.130405187606811523e-02
2.251009829342365265e-02 4.102050140500068665e-02
2.234067767858505249e-02 4.073774442076683044e-02
2.217193879187107086e-02 4.045578464865684509e-02
2.200387977063655853e-02 4.017462208867073059e-02
2.183649875223636627e-02 3.989425674080848694e-02
2.166979201138019562e-02 3.961469605565071106e-02
2.150376141071319580e-02 3.933593630790710449e-02
2.133840322494506836e-02 3.905798122286796570e-02
2.117371745407581329e-02 3.878083452582359314e-02
2.100969851016998291e-02 3.850449249148368835e-02
2.084634825587272644e-02 3.822896257042884827e-02
2.068366296589374542e-02 3.795424103736877441e-02
2.052164077758789062e-02 3.768033161759376526e-02
2.036028169095516205e-02 3.740723431110382080e-02
2.019958198070526123e-02 3.713495656847953796e-02
2.003954164683818817e-02 3.686349093914031982e-02
1.988015696406364441e-02 3.659284487366676331e-02
1.972142793238162994e-02 3.632301837205886841e-02
1.956335082650184631e-02 3.605400770902633667e-02
1.940592564642429352e-02 3.578582033514976501e-02
1.924915052950382233e-02 3.551845625042915344e-02
1.909302175045013428e-02 3.525191545486450195e-02
1.893754117190837860e-02 3.498620167374610901e-02
1.878270320594310760e-02 3.472131118178367615e-02
1.862850598990917206e-02 3.445724770426750183e-02
1.847495138645172119e-02 3.419401124119758606e-02
1.832203567028045654e-02 3.393160551786422729e-02
1.816975697875022888e-02 3.367002680897712708e-02
1.801811158657073975e-02 3.340927883982658386e-02
1.786710135638713837e-02 3.314936533570289612e-02
1.771672256290912628e-02 3.289028257131576538e-02
1.756697334349155426e-02 3.263203054666519165e-02
1.741785183548927307e-02 3.237461298704147339e-02
1.726935803890228271e-02 3.211803361773490906e-02
1.712148822844028473e-02 3.186228498816490173e-02
1.697424054145812988e-02 3.160737454891204834e-02
1.682761497795581818e-02 3.135330229997634888e-02
1.668160781264305115e-02 3.110006451606750488e-02
1.653621718287467957e-02 3.084766492247581482e-02
1.639144495129585266e-02 3.059610351920127869e-02
1.624728366732597351e-02 3.034538030624389648e-02
1.610373705625534058e-02 3.009549714624881744e-02
1.596079953014850616e-02 2.984645403921604156e-02
1.581847108900547028e-02 2.959825098514556885e-02
1.567674987018108368e-02 2.935088798403739929e-02
1.553563307970762253e-02 2.910436503589153290e-02
1.539511978626251221e-02 2.885868400335311890e-02
1.525520812720060349e-02 2.861384488642215729e-02
1.511589623987674713e-02 2.836984768509864807e-02
1.497718319296836853e-02 2.812669239938259125e-02
1.483906619250774384e-02 2.788437902927398682e-02
1.470154337584972382e-02 2.764290757477283478e-02
1.456461381167173386e-02 2.740227803587913513e-02
1.442827470600605011e-02 2.716249227523803711e-02
1.429252605885267258e-02 2.692354843020439148e-02
1.415736414492130280e-02 2.668544836342334747e-02
1.402278896421194077e-02 2.644819207489490509e-02
1.388879679143428802e-02 2.621177770197391510e-02
1.375538855791091919e-02 2.597620524466037750e-02
1.362255960702896118e-02 2.574147656559944153e-02
1.349030993878841400e-02 2.550758980214595795e-02
1.335863769054412842e-02 2.527454681694507599e-02
1.322754099965095520e-02 2.504234574735164642e-02
1.309701800346374512e-02 2.481098845601081848e-02
1.296706777065992355e-02 2.458047121763229370e-02
1.283768657594919205e-02 2.435079775750637054e-02
1.270887441933155060e-02 2.412196621298789978e-02
1.258062943816184998e-02 2.389397472143173218e-02
1.245294976979494095e-02 2.366682514548301697e-02
1.232583262026309967e-02 2.344051748514175415e-02
1.219927798956632614e-02 2.321504987776279449e-02
1.207328308373689651e-02 2.299042232334613800e-02
1.194784697145223618e-02 2.276663482189178467e-02
1.182296685874462128e-02 2.254368737339973450e-02
1.169864181429147720e-02 2.232157811522483826e-02
1.157486997544765472e-02 2.210030891001224518e-02
1.145164947956800461e-02 2.187987789511680603e-02
1.132897939532995224e-02 2.166028320789337158e-02
1.120685692876577377e-02 2.144152671098709106e-02
1.108528114855289459e-02 2.122360654175281525e-02
1.096425019204616547e-02 2.100652456283569336e-02
1.084376126527786255e-02 2.079027518630027771e-02
